         1          1          2          3          4
         2         16          9         23         30
         3         17         10         24         31
         4         18         11         25         32
         5         19         12         26         33
         6         20         13         27         34
         7         21         14         28         35
         8         22         15         29         36
         9          1         37         38          2
        10         16         41         48          9
        11         17         42         49         10
        12         18         43         50         11
        13         19         44         51         12
        14         20         45         52         13
        15         21         46         53         14
        16         22         47         54         15
        17          1         55         56         37
        18         16         59         66         41
        19         17         60         67         42
        20         18         61         68         43
        21         19         62         69         44
        22         20         63         70         45
        23         21         64         71         46
        24         22         65         72         47
        25          1          4         73         55
        26         16         30         75         59
        27         17         31         76         60
        28         18         32         77         61
        29         19         33         78         62
        30         20         34         79         63
        31         21         35         80         64
        32         22         36         81         65
