       1   1   1   1   0   1      1     2     3     4    16     9    23    30
       2   1   1   1   0   1     16     9    23    30    17    10    24    31
       3   1   1   1   0   1     17    10    24    31    18    11    25    32
       4   1   1   1   0   1     18    11    25    32    19    12    26    33
       5   1   1   1   0   1     19    12    26    33    20    13    27    34
       6   1   1   1   0   1     20    13    27    34    21    14    28    35
       7   1   1   1   0   1     21    14    28    35    22    15    29    36
       8   1   1   1   0   1     22    15    29    36     5     6     7     8
       9   1   1   1   0   1      1    37    38     2    16    41    48     9
      10   1   1   1   0   1     16    41    48     9    17    42    49    10
      11   1   1   1   0   1     17    42    49    10    18    43    50    11
      12   1   1   1   0   1     18    43    50    11    19    44    51    12
      13   1   1   1   0   1     19    44    51    12    20    45    52    13
      14   1   1   1   0   1     20    45    52    13    21    46    53    14
      15   1   1   1   0   1     21    46    53    14    22    47    54    15
      16   1   1   1   0   1     22    47    54    15     5    39    40     6
      17   1   1   1   0   1      1    55    56    37    16    59    66    41
      18   1   1   1   0   1     16    59    66    41    17    60    67    42
      19   1   1   1   0   1     17    60    67    42    18    61    68    43
      20   1   1   1   0   1     18    61    68    43    19    62    69    44
      21   1   1   1   0   1     19    62    69    44    20    63    70    45
      22   1   1   1   0   1     20    63    70    45    21    64    71    46
      23   1   1   1   0   1     21    64    71    46    22    65    72    47
      24   1   1   1   0   1     22    65    72    47     5    57    58    39
      25   1   1   1   0   1      1     4    73    55    16    30    75    59
      26   1   1   1   0   1     16    30    75    59    17    31    76    60
      27   1   1   1   0   1     17    31    76    60    18    32    77    61
      28   1   1   1   0   1     18    32    77    61    19    33    78    62
      29   1   1   1   0   1     19    33    78    62    20    34    79    63
      30   1   1   1   0   1     20    34    79    63    21    35    80    64
      31   1   1   1   0   1     21    35    80    64    22    36    81    65
      32   1   1   1   0   1     22    36    81    65     5     8    74    57

