        1   0.000000   0.000000   0.000000
        2   0.000000   0.000000   0.025000
        3   0.000000  -0.025000   0.025000
        4   0.000000  -0.025000   0.000000
        5   2.000000   0.000000   0.000000
        6   2.000000   0.000000   0.025000
        7   2.000000  -0.025000   0.025000
        8   2.000000  -0.025000   0.000000
        9   0.250000   0.000000   0.025000
       10   0.500000   0.000000   0.025000
       11   0.750000   0.000000   0.025000
       12   1.000000   0.000000   0.025000
       13   1.250000   0.000000   0.025000
       14   1.500000   0.000000   0.025000
       15   1.750000   0.000000   0.025000
       16   0.250000   0.000000   0.000000
       17   0.500000   0.000000   0.000000
       18   0.750000   0.000000   0.000000
       19   1.000000   0.000000   0.000000
       20   1.250000   0.000000   0.000000
       21   1.500000   0.000000   0.000000
       22   1.750000   0.000000   0.000000
       23   0.250000  -0.025000   0.025000
       24   0.500000  -0.025000   0.025000
       25   0.750000  -0.025000   0.025000
       26   1.000000  -0.025000   0.025000
       27   1.250000  -0.025000   0.025000
       28   1.500000  -0.025000   0.025000
       29   1.750000  -0.025000   0.025000
       30   0.250000  -0.025000   0.000000
       31   0.500000  -0.025000   0.000000
       32   0.750000  -0.025000   0.000000
       33   1.000000  -0.025000   0.000000
       34   1.250000  -0.025000   0.000000
       35   1.500000  -0.025000   0.000000
       36   1.750000  -0.025000   0.000000
       37   0.000000   0.025000   0.000000
       38   0.000000   0.025000   0.025000
       39   2.000000   0.025000   0.000000
       40   2.000000   0.025000   0.025000
       41   0.250000   0.025000   0.000000
       42   0.500000   0.025000   0.000000
       43   0.750000   0.025000   0.000000
       44   1.000000   0.025000   0.000000
       45   1.250000   0.025000   0.000000
       46   1.500000   0.025000   0.000000
       47   1.750000   0.025000   0.000000
       48   0.250000   0.025000   0.025000
       49   0.500000   0.025000   0.025000
       50   0.750000   0.025000   0.025000
       51   1.000000   0.025000   0.025000
       52   1.250000   0.025000   0.025000
       53   1.500000   0.025000   0.025000
       54   1.750000   0.025000   0.025000
       55   0.000000   0.000000  -0.025000
       56   0.000000   0.025000  -0.025000
       57   2.000000   0.000000  -0.025000
       58   2.000000   0.025000  -0.025000
       59   0.250000   0.000000  -0.025000
       60   0.500000   0.000000  -0.025000
       61   0.750000   0.000000  -0.025000
       62   1.000000   0.000000  -0.025000
       63   1.250000   0.000000  -0.025000
       64   1.500000   0.000000  -0.025000
       65   1.750000   0.000000  -0.025000
       66   0.250000   0.025000  -0.025000
       67   0.500000   0.025000  -0.025000
       68   0.750000   0.025000  -0.025000
       69   1.000000   0.025000  -0.025000
       70   1.250000   0.025000  -0.025000
       71   1.500000   0.025000  -0.025000
       72   1.750000   0.025000  -0.025000
       73   0.000000  -0.025000  -0.025000
       74   2.000000  -0.025000  -0.025000
       75   0.250000  -0.025000  -0.025000
       76   0.500000  -0.025000  -0.025000
       77   0.750000  -0.025000  -0.025000
       78   1.000000  -0.025000  -0.025000
       79   1.250000  -0.025000  -0.025000
       80   1.500000  -0.025000  -0.025000
       81   1.750000  -0.025000  -0.025000
